Task:,cpustat (23722),zerotier-one (1475),teamviewerd (1485),tmux (3022),compiz (2170),unity-panel-ser (2032),rcu_sched (8),kworker/u24:2 (22637),kworker/u24:1 (21577),snapd (8668),sshd (2925),update-notifier (2438),rtkit-daemon (1302)
Ticks:,21,9,5,2,2,2,2,1,1,1,1,1,1
0.000000,0.085946,0.000000,0.000000,0.000000,0.000000,0.000000,0.000000,0.000000,0.000000,0.000000,0.000000,0.000000,0.000000
1.000000,0.000000,0.000000,0.086806,0.000000,0.000000,0.000000,0.000000,0.000000,0.000000,0.000000,0.000000,0.086806,0.000000
2.000000,0.086806,0.000000,0.000000,0.000000,0.000000,0.000000,0.000000,0.000000,0.000000,0.000000,0.000000,0.000000,0.000000
3.000000,0.086806,0.000000,0.000000,0.000000,0.000000,0.000000,0.000000,0.000000,0.000000,0.000000,0.000000,0.000000,0.000000
4.000000,0.000000,0.000000,0.000000,0.000000,0.000000,0.000000,0.000000,0.000000,0.000000,0.000000,0.000000,0.000000,0.000000
5.000000,0.000000,0.000000,0.086806,0.000000,0.000000,0.000000,0.086806,0.000000,0.000000,0.000000,0.000000,0.000000,0.000000
6.000000,0.086806,0.000000,0.000000,0.000000,0.000000,0.000000,0.000000,0.000000,0.000000,0.000000,0.000000,0.000000,0.000000
7.000000,0.086806,0.000000,0.000000,0.000000,0.000000,0.000000,0.000000,0.000000,0.000000,0.000000,0.000000,0.000000,0.000000
8.000000,0.086806,0.000000,0.000000,0.000000,0.000000,0.000000,0.000000,0.000000,0.000000,0.000000,0.000000,0.000000,0.000000
9.000000,0.000000,0.000000,0.000000,0.000000,0.000000,0.000000,0.000000,0.000000,0.000000,0.000000,0.000000,0.000000,0.000000
10.000000,0.086806,0.000000,0.000000,0.000000,0.000000,0.000000,0.000000,0.000000,0.000000,0.000000,0.000000,0.000000,0.000000
11.000000,0.000000,0.000000,0.000000,0.000000,0.000000,0.000000,0.000000,0.086806,0.000000,0.000000,0.000000,0.000000,0.000000
12.000000,0.000000,0.086806,0.000000,0.000000,0.000000,0.000000,0.000000,0.000000,0.000000,0.000000,0.000000,0.000000,0.000000
13.000000,0.086806,0.000000,0.000000,0.000000,0.000000,0.000000,0.000000,0.000000,0.000000,0.000000,0.000000,0.000000,0.000000
14.000000,0.086806,0.000000,0.000000,0.000000,0.000000,0.000000,0.000000,0.000000,0.000000,0.000000,0.000000,0.000000,0.000000
15.000000,0.086806,0.086806,0.000000,0.000000,0.000000,0.000000,0.000000,0.000000,0.000000,0.000000,0.000000,0.000000,0.000000
16.000000,0.000000,0.000000,0.000000,0.000000,0.000000,0.000000,0.000000,0.000000,0.000000,0.000000,0.000000,0.000000,0.000000
17.000000,0.086806,0.000000,0.000000,0.000000,0.000000,0.000000,0.000000,0.000000,0.086806,0.086806,0.000000,0.000000,0.000000
18.000000,0.000000,0.000000,0.000000,0.086806,0.086806,0.000000,0.000000,0.000000,0.000000,0.000000,0.000000,0.000000,0.000000
19.000000,0.173611,0.000000,0.086806,0.000000,0.000000,0.000000,0.000000,0.000000,0.000000,0.000000,0.000000,0.000000,0.000000
20.000000,0.000000,0.000000,0.000000,0.000000,0.000000,0.000000,0.000000,0.000000,0.000000,0.000000,0.086806,0.000000,0.000000
21.000000,0.000000,0.086806,0.000000,0.000000,0.000000,0.000000,0.000000,0.000000,0.000000,0.000000,0.000000,0.000000,0.000000
22.000000,0.086806,0.347222,0.086806,0.000000,0.000000,0.000000,0.000000,0.000000,0.000000,0.000000,0.000000,0.000000,0.000000
23.000000,0.000000,0.000000,0.000000,0.000000,0.086806,0.173611,0.000000,0.000000,0.000000,0.000000,0.000000,0.000000,0.000000
24.000000,0.086806,0.000000,0.000000,0.000000,0.000000,0.000000,0.000000,0.000000,0.000000,0.000000,0.000000,0.000000,0.000000
25.000000,0.086806,0.000000,0.000000,0.000000,0.000000,0.000000,0.000000,0.000000,0.000000,0.000000,0.000000,0.000000,0.000000
26.000000,0.000000,0.000000,0.000000,0.000000,0.000000,0.000000,0.000000,0.000000,0.000000,0.000000,0.000000,0.000000,0.000000
27.000000,0.086806,0.173611,0.000000,0.000000,0.000000,0.000000,0.000000,0.000000,0.000000,0.000000,0.000000,0.000000,0.086806
28.000000,0.086806,0.000000,0.000000,0.000000,0.000000,0.000000,0.000000,0.000000,0.000000,0.000000,0.000000,0.000000,0.000000
29.000000,0.086806,0.000000,0.000000,0.000000,0.000000,0.000000,0.000000,0.000000,0.000000,0.000000,0.000000,0.000000,0.000000
30.000000,0.000000,0.000000,0.000000,0.000000,0.000000,0.000000,0.000000,0.000000,0.000000,0.000000,0.000000,0.000000,0.000000
31.000000,0.086806,0.000000,0.000000,0.000000,0.000000,0.000000,0.000000,0.000000,0.000000,0.000000,0.000000,0.000000,0.000000
32.000000,0.000000,0.000000,0.000000,0.000000,0.000000,0.000000,0.086806,0.000000,0.000000,0.000000,0.000000,0.000000,0.000000
33.000000,0.086806,0.000000,0.086806,0.000000,0.000000,0.000000,0.000000,0.000000,0.000000,0.000000,0.000000,0.000000,0.000000
33.960000,0.000000,0.000000,0.000000,0.090422,0.000000,0.000000,0.000000,0.000000,0.000000,0.000000,0.000000,0.000000,0.000000
